2.1232
1.5445
1.2199
0.94379
1.0151
0.90957
-0.69538
4.9691
1.3348
1.5567
0.55819
1.2443
-0.05115
1.024
0.72856
-9.4071
-8.9568
-9.5431
-9.9204
-10.438
-10.656
-11.42
-11.376
-11.862
-12.169
-12.381
-12.411
-12.626
-12.605
-12.881
-2.6993
-2.7378
-4.756
-6.2335
-6.5298
-7.3984
-7.4592
-4.6139
-4.0556
-4.8056
-5.4087
-5.9233
-6.2954
-6.4216
-7.2547
3.8576
-0.29573
0.16369
-2.5744
-2.8523
-3.2356
-2.9233
-0.98251
-3.8521
-4.4828
-4.9975
-5.3887
-5.4647
-5.8164
-6.1449
20.99
15.755
12.983
9.6758
10.564
9.5721
9.3607
8.6994
7.8789
7.1528
6.1101
7.4122
5.7394
7.0966
6.048
19.546
1.1202
-11.693
10.806
13.901
7.9941
12.226
10.476
12.422
10.124
8.5085
9.4028
8.4932
8.5167
3.8473
-8.6892
-9.6815
-8.4599
-8.2103
-8.6327
-9.5768
-10.121
-10.296
-10.512
-11.029
-10.907
-12.216
-11.54
-11.205
-13.672
-0.62019
-1.9098
-2.9899
-3.9556
-5.122
-5.3649
-6.1109
-6.5067
-6.9449
-6.6841
-5.4684
-7.2494
-6.9253
-6.8291
-5.662
6.0555
2.4119
2.0313
0.74906
-0.86455
-1.0429
-1.0589
-1.568
-2.7184
-3.7096
-3.8012
-4.4692
4.4069
4.4995
3.3731
23.577
23.885
20.265
17.645
16.364
15.119
14.358
12.416
19.582
-12.135
14.767
19.926
18.342
16.565
15.203
